 520771
 519939
 519868
 518762
 518708
 518570
 518211
 517509
 517286
 517217
 516952
 515532
 514999
 513595
 513128
 512388
 511703
 510948
 510133
 509176
 508600
 508370
 508298
 505738
 504105
 503674
 502845
 502276
 502012
 501563
 501377
 500893
 500880
 499884
 498515
 498352
 497989
 497610
 497043
 497018
 496864
 496793
 495996
 495882
 494085
 493243
 493238
 492772
 491611
 489840
 487453
 487333
 487030
 486928
 486927
 485996
 484935
 483265
 482235
 481272
 481025
 478878
 478816
 478125
 477720
 477087
 477035
 475625
 474625
 474495
 474491
 474016
 471332
 471134
 470598
 470586
 469874
 467173
 466974
 466570
 466109
 464526
 463940
 463616
 462181
 461586
 461122
 460535
 460461
 460397
 460301
 460131
 459358
 459221
 459191
 458938
 457581
 457452
 456939
 456886
 456617
 456526
 456283
 455964
 455931
 455721
 455538
 454336
 454127
 453601
 453587
 453083
 453059
 452106
 452062
 451999
 451669
 451640
 450486
 450262
 450155
 449904
 449608
 449567
 449566
 449039
 448989
 448548
 448526
 448149
 447930
 447778
 447757
 447679
 447165
 447154
 447123
 447070
 446885
 446857
 446751
 446549
 446516
 446473
 446225
 446048
 445919
 445917
 445899
 445892
 445868
 445741
 445715
 445690
 445672
 445423
 445420
 445376
 445207
 445198
 445196
 445108
 445095
 444994
 444984
 444932
 444931
 444927
 444846
 444820
 444771
 444678
 444664
 444573
 444479
 444412
 444391
 444381
 444288
 444248
 444218
 444148
 444142
 444109
 444107
 444080
 444075
 443993
 443712
 443693
 443676
 443615
 443561
 443554
 443552
 443545
 443341
 443314
 443306
 443238
 443216
 443137
 443053
 443026
 442838
 442381
 442225
 442092
 442009
 442008
 442007
 441992
 441954
 441932
 441759
 441697
 441653
 441551
 441548
 441537
 441532
 441516
 441485
 441433
 441397
 441373
 441370
 441313
 441312
 441290
 441283
 441230
 441054
 441011
 440981
 440673
 440630
 440609
 440488
 440459
 440362
 440271
 440266
 440245
 440130
 440112
 440111
 440083
 440082
 440079
 440024
 439995
 439833
 439678
 439677
 439676
 439671
 439625
 439260
 438931
 438867
 438854
 438845
 438834
 438830
 438825
 438807
 438798
 438785
 438777
 438731
 438714
 438561
 438560
 438515
 438513
 438510
 438357
 438291
 438272
 438212
 438105
 438067
 438028
 437997
 437948
 437846
 437626
 437613
 437579
 437557
 437517
 437516
 437393
 437341
 437333
 437328
 437283
 437271
 437157
 437139
 437137
 437121
 437070
 437052
 437015
 436883
 436880
 436820
 436813
 436747
 436723
 436709
 436694
 436677
 436676
 436646
 436589
 436417
 436217
 436076
 435769
 435759
 435683
 435669
 435494
 435299
 435115
 435030
 435029
 435024
 434990
 434987
 434984
 434981
 434884
 434781
 434727
 434547
 434203
 434088
 433965
 433961
 433850
 433734
 433262
 433106
 432986
 432817
 432731
 432622
 432538
 432242
 432152
 432135
 432018
 431925
 431686
 431610
 431349
 431299
 431284
 431137
 430893
 430882
 430786
 430724
 430099
 429914
 429892
 429850
 429386
 429334
 429164
 428793
 428679
 428641
 428595
 428414
 427998
 427907
 427698
 427655
 427528
 427510
 425712
 425578
 425502
 425391
 425201
 425076
 424305
 424286
 423982
 423733
 423658
 423551
 423382
 421177
 420729
 420602
 420536
 420156
 419968
 419916
 419878
 419708
 419580
 419520
 419376
 419362
 419298
 419227
 418365
 416702
 416213
 416092
 416055
 415978
 415800
 415763
 415140
 414814
 414518
 414360
 414246
 413724
 413396
 413335
 413274
 413143
 412605
 412520
 412273
 411929
 411830
 411683
 411641
 411486
 410688
 410404
 410062
 409244
 409115
 409104
 409054
 408672
 408466
 408432
 408029
 407585
 407347
 406706
 406632
 406460
 406104
 405696
 405668
 405350
 405018
 405015
 404612
 404545
 404354
 404167
 404159
 404138
 403520
 403511
 403500
 403381
 403310
 402823
 402568
 402307
 401809
 401760
 401666
 401527
 401474
 400869
 400866
 400554
 400530
 399823
 399698
 399348
 399002
 398923
 398267
 397759
 397373
 397123
 396989
 396830
 396262
 396096
 395892
 395810
 395805
 395761
 395212
 395197
 395165
 395163
 394664
 394012
 393975
 393738
 393544
 393287
 393216
 393186
 391927
 391800
 391550
 390903
 390726
 390639
 390527
 390122
 390078
 389868
 389686
 389440
 389423
 389318
 389232
 389102
 389100
 389097
 389042
 388998
 388717
 388649
 388331
 388288
 388006
 387793
 387470
 387459
 387315
 387224
 386880
 386630
 386565
 386426
 386242
 385795
 385491
 385091
 385020
 384802
 384549
 384168
 383988
 383982
 383673
 383615
 383614
 383513
 382907
 382789
 382385
 382252
 382154
 381918
 381520
 381379
 381378
 381088
 380789
 380445
 380192
 379500
 379497
 379328
 379262
 379252
 378993
 378831
 378780
 378743
 378656
 378586
 378466
 378395
 378167
 378117
 378013
 377860
 377294
 377204
 377173
 377139
 376937
 376856
 376660
 376658
 376654
 376587
 376567
 376343
 376142
 376014
 376010
 375887
 375573
 375254
 375210
 375175
 375065
 375020
 375018
 374908
 374801
 374544
 374445
 374436
 374290
 374233
 374005
 373918
 373501
 373026
 372782
 372704
 372484
 372450
 372416
 372328
 372087
 371884
 371804
 371758
 371733
 371545
 371086
 370981
 370673
 370537
 370349
 370274
 370230
 370224
 369922
 369772
 369735
 369713
 369675
 369417
 368454
 368449
 368155
 368044
 368028
 367623
 367455
 367394
 367204
 366864
 366744
 366743
 365981
 365715
 365626
 365183
 364672
 364231
 364073
 363633
 363244
 363235
 362864
 362238
 362152
 362104
 361908
 361664
 361341
 360888
 360686
 360546
 360367
 360242
 360234
 359396
 359210
 359159
 359072
 359061
 358784
 358726
 358673
 357577
 357223
 356712
 356621
 356595
 356572
 355785
 355625
 355582
 355305
 355200
 355125
 354840
 354831
 354685
 354360
 354295
 353945
 353867
 353583
 353569
 353547
 353263
 353242
 352850
 352848
 352728
 352523
 352365
 352031
 351999
 351969
 351814
 351717
 351654
 351419
 351071
 351034
 351018
 350828
 350650
 350582
 350299
 350247
 350140
 349769
 349694
 349488
 349460
 349388
 349057
 349033
 348558
 348414
 348323
 348232
 347881
 347796
 347261
 347112
 346782
 346780
 346764
 345982
 345577
 344855
 344616
 344610
 343354
 343173
 343011
 342986
 342854
 342680
 342529
 342066
 341912
 341783
 341509
 341097
 341020
 340660
 340182
 340172
 340164
 339835
 339798
 339445
 339431
 339292
 339217
 339076
 339016
 338893
 338321
 338296
 338098
 338043
 337794
 337777
 337759
 337671
 337553
 337500
 337021
 336843
 336487
 336119
 335950
 335917
 335871
 335636
 335504
 335480
 335417
 335381
 335374
 335372
 335108
 335090
 334931
 334883
 334327
 334114
 334083
 334067
 334015
 333694
 333534
 333533
 333231
 332856
 332723
 332422
 331634
 331413
 331258
 330672
 330365
 330274
 330175
 330138
 330028
 329993
 329508
 329451
 329156
 328778
 328725
 328612
 328578
 328313
 327674
 327673
 327372
 327235
 326881
 326792
 326782
 326257
 325966
 325595
 325525
 325385
 325329
 325167
 324849
 324335
 324245
 324110
 323725
 323680
 323660
 323448
 323293
 323290
 323254
 323156
 322947
 322942
 322869
 322549
 321973
 321963
 321897
 321894
 321620
 321472
 321462
 321303
 321017
 320971
 320933
 319388
 319165
 318933
 318871
 318727
 318656
 318162
 318023
 317977
 317769
 317752
 317262
 317254
 316908
 316890
 316694
 316585
 316570
 316466
 316409
 316158
 316002
 315612
 315582
 315574
 314890
 314721
 314666
 314641
 314597
 314447
 314408
 314394
 314323
 314318
 314287
 314285
 314148
 313953
 313936
 313883
 313831
 313828
 313614
 313613
 313611
 313585
 313477
 313408
 313380
 312911
 312832
 312717
 312716
 312567
 312235
 312183
 311836
 311835
 311827
 311759
 311633
 311349
 311284
 311026
 310896
 310799
 310450
 310445
 310100
 309901
 309761
 309276
 309051
 308443
 308440
 308214
 308197
 307011
 306854
 306762
 306725
 306652
 306378
 306318
 305997
 305843
 305560
 304995
 304730
 304407
 304035
 303910
 303899
 303852
 303844
 303646
 303568
 303561
 303400
 303394
 303340
 303241
 302787
 302360
 302308
 302300
 302221
 302211
 301980
 301956
 301913
 301869
 301703
 301597
 301566
 301512
 301504
 301450
 301395
 301114
 300935
 300798
 300698
 300634
 300399
 300392
 299804
 299679
 299632
 299229
 299214
 298987
 298944
 298581
 298565
 298549
 298509
 298432
 298339
 298330
 298284
 298208
 298189
 298106
 298071
 298051
 297961
 297931
 297924
 297787
 297768
 297698
 297637
 297603
 297541
 297492
 297396
 297236
 297197
 297169
 296924
 296909
 296781
 296725
 296622
 296617
 296554
 296545
 296379
 296096
 295960
 295921
 295864
 295678
 295639
 295543
 295468
 295424
 295282
 295245
 295174
 294611
 294551
 294450
 294355
 294316
 294266
 294129
 293850
 293344
 293343
 293165
 293072
 292959
 292504
 292344
 292335
 292283
 292257
 292189
 292109
 292102
 291921
 291903
 291816
 291559
 291454
 291293
 291058
 291057
 291046
 291028
 291027
 290989
 290919
 290916
 290912
 290910
 290909
 290887
 290835
 290642
 290462
 290042
 290033
 289799
 289744
 289603
 289524
 289232
 289028
 288896
 288713
 288537
 288474
 288401
 288090
 288021
 287999
 287906
 287806
 287785
 287672
 287668
 287664
 286963
 286806
 286655
 286577
 286573
 286570
 286467
 286447
 286443
 286341
 286167
 285631
 285237
 285183
 285053
 285006
 284403
 284181
 284148
 284145
 284142
 284125
 284123
 283857
 283756
 283633
 283476
 283421
 283327
 283244
 283242
 283241
 283196
 283066
 282912
 282648
 282581
 282575
 282540
 282514
 282224
 281984
 281883
 281864
 281181
 280165
 280131
 279823
 279741
 279571
 279451
 279307
 279275
 279245
 279169
 278920
 278908
 278907
 278851
 278741
 278731
 278691
 278601
 278491
 278328
 278311
 278248
 278239
 278114
 278074
 278068
 278066
 278051
 278032
 277872
 277861
 277848
 277409
 277160
 277138
 276963
 276870
 276638
 276636
 276480
 276381
 276233
 275282
 275270
 274861
 274791
 274742
 274735
 274702
 274114
 274108
 274034
 273977
 273945
 273881
 273869
 273668
 273613
 273448
 273402
 273329
 273251
 272874
 272153
 272135
 272119
 272118
 272101
 272058
 271831
 271807
 271670
 271638
 271631
 271609
 271577
 271416
 271280
 271097
 271080
 270953
 270772
 270694
 270690
 270623
 270620
 270542
 270458
 270397
 270325
 270178
 270036
 269969
 269928
 269245
 269240
 269214
 269105
 268861
 268846
 268726
 268689
 268667
 268666
 268646
 268644
 268603
 268600
 268576
 268439
 268187
 268126
 268092
 268008
 267981
 267845
 267830
 267779
 267630
 267197
 266507
 266441
 266292
 266210
 265538
 265509
 265017
 264996
 264946
 264769
 264728
 264693
 264449
 264092
 263919
 263754
 263583
 263544
 263417
 263410
 263164
 263037
 263025
 262911
 262876
 262867
 262645
 262300
 262085
 262035
 262011
 260972
 260559
 260462
 259909
 259731
 259550
 259521
 259290
 259266
 258849
 258590
 258551
 258457
 258113
 257179
 257066
 257046
 256705
 256606
 255435
 255379
 255032
 254957
 254773
 254677
 254526
 254282
 253809
 253043
 252675
 252105
 252049
 251680
 251674
 250964
 250929
 250910
 250789
 250547
 249527
 249228
 249227
 249160
 249100
 249083
 248956
 248952
 248917
 248916
 248839
 248521
 248479
 248305
 247590
 247511
 246336
 246295
 246286
 246042
 245757
 245657
 245282
 244868
 244849
 244844
 244603
 244520
 244444
 244368
 244294
 244257
 244253
 244209
 244181
 244158
 243951
 243943
 243912
 243536
 243467
 243453
 243435
 243289
 243288
 243105
 243050
 243045
 242676
 242371
 242126
 242098
 241947
 241828
 241665
 241603
 241468
 241415
 241309
 241137
 240922
 240865
 240811
 240257
 240111
 239984
 239354
 238998
 238815
 238662
 238551
 238469
 238451
 238411
 238332
 238318
 237674
 236437
 236419
 236244
 236191
 236183
 235783
 235759
 235266
 235211
 234934
 234764
 233851
 233691
 233689
 233316
 233295
 233294
 233184
 233094
 231914
 231872
 231497
 231415
 231203
 230882
 230367
 230081
 229665
 228938
 228711
 228651
 228551
 227941
 227811
 227735
 227603
 227595
 227497
 227329
 227150
 227145
 227088
 227071
 227039
 226970
 226615
 226607
 226593
 226547
 226119
 225972
 225887
 225809
 225750
 225681
 225531
 225479
 225297
 225243
 224904
 224814
 224483
 224482
 224296
 223957
 223837
 223732
 223671
 223617
 223585
 223507
 223488
 223243
 223140
 222903
 222824
 222680
 222668
 222531
 222478
 222348
 222330
 222315
 222198
 221868
 221805
 221336
 221290
 221147
 220985
 220365
 220299
 220137
 220061
 220018
 220017
 219995
 219941
 219868
 219751
 219745
 219498
 219123
 219102
 218643
 218582
 218535
 218486
 218360
 218358
 218341
 218332
 218030
 217999
 217897
 217766
 217700
 217150
 216803
 216515
 216460
 216326
 216270
 216170
 215452
 215378
 215269
 214614
 213987
 213731
 213125
 212727
 212474
 212462
 212199
 212150
 211994
 211913
 211801
 211660
 211468
 211149
 211144
 210752
 210403
 209788
 209644
 209493
 208862
 208854
 208783
 208779
 208617
 207719
 207288
 207246
 206952
 206787
 206400
 206330
 206227
 206094
 205852
 204596
 204560
 204328
 204285
 204023
 204021
 204003
 203940
 203921
 203669
 203354
 203219
 202773
 202750
 202621
 202617
 202547
 202520
 202239
 201854
 201853
 201852
 201835
 201630
 201596
 201431
 201308
 201206
 201204
 201199
 201013
 200954
 200946
 200821
 200455
 200408
 200250
 200249
 200210
 200181
 200175
 200149
 200065
 199863
 199769
 199744
 199734
 199483
 199116
 199048
 198955
 198602
 198601
 198571
 198385
 197998
 197981
 197955
 197917
 197760
 197750
 197720
 197674
 197651
 197646
 197587
 197518
 197503
 197464
 197282
 197278
 197196
 197125
 197102
 196928
 196846
 196716
 196707
 196500
 195697
 195421
 195385
 195330
 195306
 195268
 195228
 195014
 194993
 194894
 194795
 194740
 194717
 194712
 194538
 194361
 194316
 194119
 193843
 193825
 193772
 193603
 192906
 192884
 192740
 192714
 192656
 192213
 192120
 192010
 191731
 191619
 191541
 191539
 191534
 191511
 191490
 191487
 191473
 191472
 191455
 191449
 191444
 191277
 191236
 191168
 191118
 191079
 190942
 190897
 190370
 190300
 190050
 189996
 189903
 189704
 189624
 189619
 189579
 189440
 189395
 189255
 189194
 188998
 188920
 188913
 188867
 188850
 188811
 188776
 188641
 188609
 188528
 188524
 188515
 188380
 188379
 188347
 188336
 187999
 187982
 187968
 187841
 187832
 187827
 187727
 187573
 187530
 187450
 187444
 187260
 187246
 187229
 187178
 187162
 187134
 186968
 186759
 186703
 186685
 186671
 186649
 186548
 186488
 186487
 186427
 186390
 186364
 186344
 186156
 186021
 186008
 186000
 185971
 185916
 185848
 185763
 185751
 185634
 185416
 185397
 185359
 185290
 185241
 185203
 185202
 185083
 185040
 185036
 184984
 184929
 184836
 184699
 184603
 184600
 184579
 184563
 184562
 184550
 184499
 184482
 184438
 184434
 184184
 184172
 184120
 184119
 184103
 184057
 183971
 183967
 183501
 183486
 183484
 183379
 183339
 183316
 183074
 183069
 183007
 183006
 182993
 182905
 182861
 182728
 182641
 182466
 182463
 182336
 182259
 181936
 181930
 181888
 181861
 181650
 181640
 181635
 181627
 181152
 181090
 181057
 180834
 180748
 180671
 180621
 180575
 180525
 180506
 180502
 180497
 180464
 180058
 180030
 179972
 179919
 179802
 179724
 179590
 179534
 179515
 179421
 179225
 179210
 179150
 179149
 179051
 179037
 179000
 178949
 178946
 178792
 178634
 178629
 178508
 178473
 178330
 178254
 178213
 178104
 178079
 178027
 177878
 177676
 177672
 177601
 177600
 177398
 177251
 177196
 177133
 177122
 177077
 176986
 176984
 176929
 176902
 176894
 176817
 176510
 176389
 176253
 176206
 176205
 176088
 176086
 175979
 175611
 175532
 175528
 175520
 175479
 175423
 175336
 175318
 175228
 175218
 175075
 175073
 174997
 174977
 174935
 174924
 174913
 174827
 174785
 174772
 174716
 174633
 174579
 174537
 174535
 174534
 174493
 174371
 174363
 174362
 174341
 174329
 174301
 174123
 174011
 173978
 173977
 173897
 173854
 173827
 173771
 173748
 173665
 173639
 173621
 173604
 173570
 173021
 172967
 172896
 172775
 172626
 172585
 172540
 172518
 172507
 172439
 172377
 172355
 172345
 172339
 172285
 172280
 172230
 172228
 172221
 172188
 172160
 172059
 171952
 171934
 171922
 171908
 171902
 171877
 171819
 171798
 171766
 171674
 171607
 171544
 171481
 171404
 171302
 171298
 171265
 171207
 171108
 171042
 170996
 170986
 170935
 170921
 170833
 170831
 170827
 170783
 170778
 170731
 170675
 170648
 170520
 170503
 170492
 170398
 170325
 170322
 169891
 169878
 169686
 169530
 169475
 169383
 169219
 169191
 169122
 169101
 169057
 168972
 168878
 168768
 168767
 168716
 168707
 168646
 168604
 168586
 168373
 168268
 168204
 168065
 168050
 167931
 167896
 167846
 167826
 167797
 167638
 167422
 167415
 167331
 167269
 167253
 167244
 167141
 167060
 166928
 166912
 166708
 166355
 166341
 166340
 166247
 166023
 165912
 165867
 165807
 165804
 165788
 165741
 165584
 165581
 165504
 165323
 165283
 165214
 165013
 164950
 164672
 164537
 164465
 164462
 164267
 164256
 164022
 163950
 163932
 163926
 163684
 163489
 163377
 163331
 163239
 163210
 163196
 163167
 163063
 162884
 162822
 162579
 162463
 162453
 162157
 162144
 162078
 162066
 162053
 161968
 161938
 161859
 161799
 161797
 161790
 161588
 161568
 161541
 161520
 161498
 161429
 161419
 161411
 161311
 161236
 161123
 161009
 160988
 160955
 160915
 160900
 160880
 160841
 160524
 160484
 160222
 160221
 160207
 160150
 160067
 160007
 159942
 159839
 159792
 159725
 159719
 159253
 159132
 159126
 159070
 159039
 158958
 158878
 158826
 158739
 158681
 158603
 158602
 158493
 158472
 158420
 158404
 158328
 158117
 158026
 157893
 157728
 157528
 157511
 157084
 156953
 156893
 156822
 156680
 156623
 156562
 156288
 156209
 156205
 156196
 156175
 156095
 155947
 155879
 155822
 155707
 155683
 155678
 155673
 155550
 155522
 155520
 155265
 155185
 155139
 155111
 155025
 154997
 154856
 154832
 154658
 154583
 154206
 154151
 154095
 154057
 153730
 153708
 153590
 153375
 153213
 153008
 152994
 152862
 152856
 152769
 152731
 152682
 152421
 152333
 152271
 152110
 151933
 151607
 151511
 151381
 151288
 151179
 150841
 150659
 150602
 150393
 150340
 150292
 150289
 150224
 150075
 150045
 150039
 149848
 149775
 149696
 149540
 148962
 148929
 148908
 148476
 148377
 148332
 147006
 146945
 146773
 146721
 145945
 145931
 145922
 145670
 145538
 145450
 145441
 145337
 144877
 144860
 144435
 144356
 144352
 144259
 144241
 144235
 143930
 143803
 143592
 143560
 143396
 143371
 143269
 143122
 143104
 143089
 142808
 142601
 142431
 142422
 142214
 142014
 141905
 141577
 141497
 141425
 141334
 141313
 141221
 141135
 141071
 140888
 140885
 140811
 140741
 140733
 140647
 140645
 140414
 140400
 140391
 140383
 140378
 140278
 140150
 140093
 140091
 140037
 139938
 139907
 139905
 139820
 139818
 139734
 139591
 139515
 139202
 139138
 138909
 138890
 138599
 138289
 138218
 138214
 138145
 138122
 138032
 137778
 137667
 137614
 137402
 137395
 137144
 136888
 136842
 136738
 136592
 136473
 136459
 136196
 136137
 136117
 136012
 136010
 135883
 135875
 135808
 135773
 135757
 135653
 135640
 135599
 135556
 135340
 135187
 135141
 135139
 134880
 134848
 134716
 134664
 134349
 134254
 134223
 134105
 133951
 133936
 133915
 133882
 133859
 133682
 133675
 133435
 133422
 133300
 133288
 133246
 133204
 133139
 132997
 132896
 132835
 132799
 132738
 132660
 132648
 132590
 132296
 131909
 131904
 131793
 131790
 131784
 131449
 130948
 130924
 130859
 130745
 130740
 130644
 130563
 130421
 130246
 130233
 130217
 130211
 130072
 130057
 129982
 129879
 129748
 129702
 129623
 129598
 129505
 129485
 129445
 129328
 129301
 129171
 129138
 129111
 129053
 128920
 128851
 128808
 128770
 128756
 128658
 128624
 128442
 128441
 128420
 128406
 127868
 127689
 127288
 127286
 127285
 127155
 127134
 127101
 127080
 127038
 127031
 127014
 126949
 126703
 126622
 126504
 126464
 126461
 126422
 126335
 125930
 125834
 125782
 125768
 125759
 125737
 125715
 125653
 125428
 125376
 125319
 125314
 125272
 125219
 125195
 125164
 125154
 125131
 125104
 125050
 124929
 124856
 124834
 124620
 124591
 124455
 124442
 124436
 124413
 124406
 124386
 124158
 123917
 123768
 123619
 123502
 123465
 123350
 123336
 123265
 123257
 123254
 123244
 123240
 123207
 123118
 122962
 122936
 122913
 122907
 122809
 122788
 122771
 122734
 122713
 122693
 122656
 122637
 122595
 122590
 122554
 122481
 122414
 122413
 122333
 122250
 122245
 122242
 122195
 122164
 122114
 122101
 122072
 122056
 122055
 122039
 122028
 122014
 121901
 121882
 121795
 121760
 121646
 121643
 121632
 121541
 121504
 121495
 121471
 121455
 121454
 121329
 121316
 121315
 121294
 121283
 121170
 121050
 121048
 121040
 121019
 121013
 120982
 120934
 120877
 120673
 120608
 120603
 120582
 120527
 120451
 120365
 120242
 120196
 120186
 120185
 120140
 120114
 120095
 119919
 119886
 119722
 119614
 119511
 119351
 119334
 119110
 119023
 119019
 118970
 118867
 118796
 118779
 118671
 118658
 118655
 118639
 118358
 118211
 118174
 118165
 118111
 117861
 117853
 117695
 117476
 117371
 117352
 117350
 117281
 117276
 117268
 117210
 116990
 116982
 116902
 116755
 116712
 116645
 116614
 116530
 116405
 116351
 116237
 116167
 116135
 115977
 115684
 115643
 115535
 115505
 115467
 115404
 115363
 115361
 115335
 115129
 115125
 114928
 114917
 114911
 114783
 114776
 114745
 114365
 114281
 114269
 114247
 114222
 114200
 114199
 114192
 114070
 113972
 113810
 113804
 113680
 113667
 113663
 113580
 113509
 113477
 113468
 113460
 113284
 113248
 113223
 112923
 112860
 112854
 112846
 112840
 112806
 112791
 112781
 112504
 112503
 112502
 112335
 112329
 112266
 112045
 112034
 112017
 111929
 111854
 111794
 111792
 111733
 111639
 111565
 111559
 111263
 111082
 110970
 110904
 110828
 110788
 110781
 110740
 110714
 110429
 110384
 110320
 110314
 110313
 110259
 110241
 110231
 110142
 110030
 109983
 109691
 109655
 109647
 109551
 109497
 109467
 109442
 109392
 109387
 109270
 109236
 109102
 109101
 109004
 108989
 108830
 108748
 108746
 108734
 108682
 108568
 108501
 108478
 108419
 108339
 108199
 108174
 108015
 107988
 107778
 107725
 107673
 107656
 107634
 107452
 107391
 107297
 107283
 107181
 107139
 107095
 106751
 106723
 106458
 106457
 106293
 106285
 106224
 105979
 105933
 105893
 105844
 105737
 105304
 105192
 105149
 105145
 105102
 105051
 104549
 104542
 104534
 104483
 104413
 104391
 104382
 104359
 104353
 104347
 104312
 104253
 104177
 104031
 104001
 103862
 103848
 103737
 103691
 103586
 103421
 103187
 103185
 102979
 102961
 102869
 102826
 102756
 102690
 102643
 102563
 102562
 102488
 102433
 102356
 102318
 102311
 102299
 102267
 102197
 102194
 102165
 101847
 101825
 101757
 101704
 101696
 101626
 101616
 101571
 101530
 101508
 101468
 101460
 101394
 101285
 101223
 101155
 101154
 100895
 100830
 100827
 100434
 100392
 100358
 100277
 100018
  99985
  99890
  99855
  99695
  99660
  99534
  99405
  99362
  99304
  99231
  99229
  99176
  99157
  99106
  98981
  98961
  98599
  98394
  98280
  98236
  98233
  98157
  97860
  97730
  97500
  97380
  97137
  96937
  96725
  96710
  96626
  96595
  96498
  96485
  96053
  95928
  95807
  95729
  95342
  95305
  95090
  95035
  95022
  94931
  94814
  94794
  94742
  94707
  94690
  94676
  94624
  94619
  94612
  94536
  94479
  94441
  94419
  94320
  94297
  94228
  94202
  94178
  94175
  94157
  94150
  94067
  94012
  94011
  93972
  93915
  93900
  93831
  93827
  93802
  93620
  93560
  93538
  93520
  93463
  93447
  93391
  93230
  93228
  93134
  93026
  93009
  92899
  92609
  92477
  92383
  92276
  92050
  91967
  91953
  91873
  91582
  91485
  91269
  91268
  91261
  91199
  91197
  91185
  91179
  91141
  91140
  91073
  90945
  90899
  90802
  90574
  90555
  90421
  90377
  90079
  90059
  90011
  89965
  89964
  89880
  89876
  89875
  89874
  89814
  89811
  89721
  89704
  89515
  89406
  89399
  89384
  89319
  89013
  88752
  88688
  88592
  88445
  88023
  87971
  87800
  87520
  87023
  86770
  86646
  86602
  86321
  86306
  86028
  86015
  85508
  85470
  85308
  85257
  85232
  84838
  84500
  84332
  84279
  83674
  83616
  83584
  83571
  83526
  83521
  83467
  83345
  83343
  83192
  83050
  83005
  82787
  82778
  82652
  82565
  82448
  82436
  82395
  82216
  81934
  81892
  81889
  81876
  81840
  81694
  81631
  81597
  81568
  81557
  81533
  81446
  81381
  81283
  81173
  81166
  81064
  81004
  80996
  80991
  80758
  80403
  80317
  80312
  80264
  80190
  80052
  80042
  79844
  79222
  79185
  79182
  79179
  79018
  79017
  79014
  79013
  79000
  78945
  78917
  78861
  78841
  78558
  78128
  78074
  77862
  77850
  77414
  77396
  77377
  77273
  77240
  77229
  77208
  77068
  77062
  76838
  76243
  76215
  76037
  76030
  75997
  75538
  75509
  75003
  74900
  74812
  74786
  74772
  74745
  74742
  74720
  74706
  74704
  74634
  74566
  74564
  74544
  74533
  74510
  74174
  73890
  73795
  73793
  73791
  73491
  73431
  73393
  73380
  73156
  73046
  73043
  73038
  72884
  72747
  72599
  72582
  72562
  72454
  72276
  71635
  71594
  71568
  71094
  70854
  70729
  70575
  70569
  70556
  70430
  70409
  70399
  70392
  69984
  69951
  69882
  69699
  69366
  69365
  69159
  69021
  69015
  69013
  69012
  68987
  68373
  68249
  67799
  67795
  67778
  67767
  67760
  67754
  67750
  67706
  67494
  67283
  67280
  67275
  67077
  66921
  66901
  66842
  66506
  66233
  66201
  65989
  65924
  65922
  65921
  65913
  65910
  65446
  65439
  65435
  65399
  65390
  65389
  65178
  64982
  64794
  64743
  64707
  64695
  64692
  64680
  64352
  64149
  64062
  63942
  63901
  63711
  63711
  63310
  63308
  63299
  63235
  63218
  63185
  62843
  62840
  62714
  62697
  62522
  62147
  62140
  62131
  62124
  62066
  61872
  61638
  61610
  61520
  61503
  61475
  61251
  61173
  60918
  60869
  60817
  60632
  60399
  60395
  60121
  60113
  60104
  59973
  59959
  59939
  59938
  59925
  59924
  59829
  59772
  59451
  59444
  59265
  58922
  58661
  58407
  58271
  58247
  58157
  57809
  57650
  57549
  57534
  57268
  57198
  57196
  57166
  57040
  56964
  56733
  56626
  56592
  56586
  56568
  56473
  56307
  56293
  56133
  56123
  55796
  55647
  55644
  55628
  55496
  55494
  55487
  55402
  55229
  54978
  54721
  54712
  54676
  54431
  54373
  54174
  54156
  54155
  54153
  53812
  53734
  53730
  53519
  53499
  53439
  53421
  53252
  53225
  53204
  53094
  53091
  53041
  53032
  52558
  52523
  52521
  52406
  52384
  51929
  51926
  51880
  51863
  51821
  51816
  51769
  51759
  51755
  51746
  51741
  51734
  51682
  51402
  50959
  50929
  50859
  50830
  50692
  50687
  50385
  50359
  50322
  50306
  50296
  50289
  50280
  50279
  50271
  49961
  49958
  49957
  49471
  49461
  49460
  49440
  49290
  49278
  48884
  48671
  48666
  48638
  48634
  48633
  48594
  48557
  48548
  48232
  48085
  47967
  47966
  47938
  47827
  47671
  47562
  47399
  47048
  47013
  47012
  47010
  47009
  46996
  46860
  46814
  46808
  46636
  46489
  46464
  46460
  46457
  45976
  45701
  45565
  45515
  45428
  45340
  44877
  44876
  44860
  44628
  44580
  44491
  44447
  44437
  44415
  44055
  43996
  43984
  43982
  43903
  43881
  43680
  43532
  43468
  43286
  43019
  42988
  42877
  42708
  42683
  42651
  42506
  42361
  41966
  41919
  41736
  41089
  41057
  40917
  40875
  40710
  40697
  40547
  39711
  39542
  39296
  39124
  39066
  39032
  39020
  38667
  38595
  38173
  38028
  37932
  37230
  37198
  36905
  36889
  36865
  36838
  36758
  36735
  36555
  36181
  36120
  35811
  35727
  35687
  35661
  35277
  35163
  35116
  34975
  34940
  34893
  34801
  34655
  34580
  34451
  34262
  34190
  34100
  34015
  33848
  33584
  33538
  33380
  33359
  33354
  33345
  33191
  33133
  33105
  32977
  32807
  32714
  32667
  32635
  32577
  32567
  32534
  32398
  32385
  32291
  32289
  32234
  32220
  32070
  31982
  31888
  31760
  31702
  31643
  31529
  31193
  31009
  30959
  30649
  30607
  30528
  30222
  30211
  30121
  30074
  30041
  29640
  29592
  29579
  29577
  29568
  29561
  29558
  29557
  29258
  29193
  29166
  29105
  29103
  29097
  29096
  29036
  28890
  28734
  28606
  28283
  28202
  28088
  27651
  27342
  27242
  27210
  27024
  26936
  26834
  26811
  26500
  26382
  26262
  26213
  26140
  25939
  25771
  25694
  25539
  25433
  25428
  25370
  25286
  25193
  25093
  25024
  25006
  24975
  24805
  24803
  24740
  24708
  24582
  24511
  24500
  24486
  24485
  24399
  24329
  24277
  24160
  24065
  23966
  23964
  23866
  23647
  23549
  23548
  23547
  23529
  23527
  23487
  23457
  23399
  23374
  23156
  23117
  23092
  23074
  22816
  22798
  22701
  22688
  22687
  22682
  22646
  22636
  22542
  22407
  22205
  22084
  22083
  21974
  21937
  21929
  21701
  21699
  21653
  21607
  21539
  21446
  21308
  21279
  21272
  21266
  21209
  21172
  21139
  21112
  20959
  20958
  20888
  20884
  20798
  20763
  20760
  20755
  20731
  20722
  20690
  20648
  20603
  20602
  20573
  20571
  20570
  20569
  20475
  20424
  20309
  20046
  19879
  19846
  19811
  19801
  19670
  19665
  19664
  19577
  19556
  19552
  19531
  19521
  19510
  19501
  19465
  19439
  19379
  19342
  19241
  19183
  19053
  18653
  18645
  18643
  18582
  18471
  18429
  18396
  18346
  18274
  18223
  18061
  17940
  17788
  17646
  17645
  17527
  17525
  17514
  17506
  17410
  17356
  17347
  17330
  17310
  17168
  16951
  16863
  16706
  16651
  16649
  16638
  16597
  16433
  16309
  16090
  15967
  15901
  15716
  15710
  15580
  15579
  15553
  15545
  15540
  15508
  15414
  15007
  14991
  14982
  14839
  14791
  14684
  14526
  14447
  14280
  14269
  14120
  14017
  13989
  13917
  13819
  13777
  13755
  13707
  13611
  13539
  13423
  13377
  13365
  13362
  13360
  13301
  13206
  13179
  13096
  13024
  12827
  12806
  12782
  12741
  12557
  12555
  12465
  12352
  12168
  12139
  12126
  12104
  12088
  12027
  12023
  11944
  11925
  11913
  11877
  11850
  11810
  11796
  11770
  11739
  11729
  11711
  11593
  11572
  11422
  11270
  11200
  11149
  11065
  10900
  10733
  10687
  10527
  10497
  10414
  10344
  10295
  10293
  10281
  10268
  10250
  10217
  10216
  10204
  10148
  10057
  10029
  10023
   9975
   9973
   9804
   9700
   9552
   9542
   9523
   9353
   9307
   9208
   9064
   9042
   8930
   8878
   8823
   8794
   8733
   8697
   8691
   8680
   8636
   8584
   8548
   8530
   8502
   8488
   8474
   8462
   8457
   8454
   8421
   8373
   8252
   8133
   8112
   8083
   8081
   7925
   7859
   7854
   7829
   7805
   7737
   7729
   7605
   7549
   7503
   7485
   7484
   7472
   7465
   7455
   7450
   7438
   7323
   7305
   7304
   7300
   7276
   7268
   7265
   7232
   7188
   7187
   7099
   7082
   7046
   7013
   6991
   6959
   6940
   6939
   6935
   6907
   6903
   6879
   6810
   6808
   6793
   6768
   6634
   6614
   6495
   6474
   6445
   6323
   6305
   6301
   6181
   6112
   6076
   6024
   6022
   6011
   6005
   5967
   5874
   5489
   5430
   5346
   5005
   4918
   4915
   4907
   4893
   4852
   4839
   4786
   4735
   4724
   4722
   4718
   4717
   4696
   4687
   4683
   4680
   4679
   4608
   4601
   4595
   4579
   4569
   4568
   4531
   4521
   4504
   4461
   4459
   4273
   4262
   4261
   4259
   4242
   4240
   4210
   4209
   4201
   4179
   4175
   4166
   4145
   4141
   4135
   4134
   4088
   4087
   4086
   4083
   4064
   4063
   4062
   4044
   4040
   4012
   3941
   3840
   3836
   3833
   3832
   3822
   3801
   3723
   3634
   3633
   3597
   3540
   3537
   3501
   3498
   3491
   3484
   3427
   3386
   3363
   3362
   3340
   3339
   3297
   3286
   3261
   3221
   3197
   3163
   3157
   3138
   3063
   3062
   2994
   2852
   2777
   2727
   2722
   2716
   2647
   2566
   2562
   2499
   2257
   1700
   1695
   1694
   1689
   1686
   1676
   1647
   1644
   1638
   1628
   1509
   1501
   1489
   1468
   1465
   1340
   1177
   1175
   1172
   1146
    975
    858
    855
    853
    833
    799
    707
    674
    656
    645
    644
    643
    640
    638
    634
    631
    630
    621
    620
    616
    589
    585
    579
    529
    528
    525
    524
    523
    517
    516
    515
    514
    513
    512
    511
    510
    508
    506
    505
    504
    503
    288
    286
    280
