 552761
 551076
 550521
 551893
 551816
 551758
 551181
 552891
 552510
 552346
 550191
 550768
 550671
 551940
 550617
 551031
 550005
 550158
 550050
 549849
 542684
 538651
 536892
 534760
 531810
 531420
 528834
 527972
 526091
 521183
 495086
 492998
 492084
 491235
 488257
 488242
 485260
 485156
 485132
 549388
 483505
 479860
 479815
 479838
 479260
 478592
 477937
 476239
 475755
 475223
 474655
 474489
 474269
 473842
 471635
 471256
 470881
 471185
 471077
 470822
 549380
 549265
 549268
 549282
 470180
 469196
 468551
 468047
 467728
 466669
 466574
 547178
 547567
 549189
 548921
 548881
 499595
 498232
 494457
 494872
 494384
 493836
 491441
 491429
 489572
 488536
 488007
 501045
 501808
 502186
 502321
 502551
 506457
 506770
 507793
 508259
 511110
 512371
 513412
 513506
 513722
 515634
 515948
 516764
 516760
 516911
 517376
 517362
 519285
 520159
 520183
 520915
 521436
 521712
 523019
 523623
 525538
 525707
 529427
 539650
 539930
 540820
 542604
 543305
 543584
 543717
 543944
 544905
 544999
 545977
 546191
 547900
 548069
 546727
 547268
 548142
 548196
 548217
 548213
 453841
 453058
 452548
 449995
 449523
 448849
 448809
 448728
 448168
 447780
 447737
 447134
 447081
 447023
 446759
 547676
 547844
 547629
 544762
 540780
 530929
 526616
 523632
 521976
 516529
 504182
 546812
 539888
 542753
 547266
 543559
 541513
 545576
 540209
 546917
 546206
 547023
 546665
 496065
 493325
 491633
 488796
 484636
 478265
 475334
 473769
 472542
 487025
 484923
 484257
 483527
 481726
 479845
 479897
 479322
 479281
 477514
 477392
 475702
 473882
 473679
 544082
 540611
 542978
 500689
 504471
 513739
 516769
 520564
 525978
 530739
 531298
 537686
 494417
 490638
 484680
 481507
 541836
 541529
 541810
 541558
 541473
 540151
 539765
 469443
 468957
 468118
 465454
 464787
 462529
 461158
 459197
 458757
 458531
 458342
 456821
 454503
 454115
 451379
 451133
 448291
 538253
 538327
 538424
 451153
 449748
 531885
 531220
 531256
 531188
 532902
 533193
 535537
 536987
 536857
 537521
 537647
 536990
 537252
 487300
 536408
 536167
 536218
 535755
 535754
 535756
 536248
 536172
 535951
 464532
 534253
 534660
 534439
 533934
 533833
 533769
 533374
 535214
 533818
 534200
 535115
 535030
 534741
 534659
 462861
 530874
 528780
 527429
 526177
 525131
 531243
 530269
 532499
 532440
 530464
 530273
 530064
 530066
 529239
 528677
 528278
 527758
 527211
 526815
 525762
 528040
 525471
 525288
 528750
 529074
 523680
 524326
 523180
 524503
 524472
 522106
 520735
 509673
 507682
 497033
 494838
 494604
 479463
 478980
 478952
 470439
 468859
 465609
 460542
 457090
 454872
 454254
 523196
 522405
 501377
 497018
 450262
 475625
 518211
 508600
 466109
 456886
 434547
 497043
 495882
 493243
 519868
 474016
 450486
 495996
 500893
 500880
 496864
 520771
 519939
 463940
 463616
 461122
 460535
 460461
 460301
 459358
 459221
 456617
 455721
 454127
 453587
 452106
 449904
 518570
 483265
 482235
 478125
 477720
 518762
 518708
 484935
 485996
 486928
 486927
 510948
 511703
 513595
 515532
 517217
 517286
 517509
 498515
 504105
 471134
 470598
 478816
 478878
 491611
 493238
 494085
 497989
 499884
 501563
 502276
 505738
 509176
 516952
 510133
 512388
 513128
 514999
 477035
 481025
 503674
 455964
 456526
 464526
 469874
 474625
 492772
 496793
 508298
 498352
 489840
 497610
 502845
 508370
 487453
 487333
 481272
 466570
 460131
 446751
 502012
 447778
 447070
 471332
 470586
 462181
 450155
 449566
 449567
 457452
 455538
 447679
 446516
 445899
 445868
 487030
 467173
 461586
 477087
 466974
 474495
 474491
 459191
 456939
 460397
 458938
 457581
 456283
 448149
 453083
 452062
 451999
 451669
 449039
 448548
 448526
 447930
 447757
 454336
 453601
 453059
 451640
 455931
 444931
 448989
 449608
 447154
 445917
 445919
 446885
 446857
 446048
 445892
 445715
 447165
 447123
 445741
 446473
 446549
 446225
 445690
 445376
 445672
 445420
 445423
 445196
 445207
 445198
 335090
 328313
 323725
 321462
 444573
 445108
 444984
 444994
 444927
 444932
 444820
 444664
 444771
 445095
 444846
 444678
 444381
 444391
 444288
 444107
 444142
 444479
 444248
 444109
 444148
 444080
 444075
 443993
 444218
 444412
 443026
 427907
 423551
 420729
 419376
 403520
 408672
 403511
 443314
 443615
 443712
 443693
 443554
 443545
 443561
 443552
 443341
 443676
 389097
 389100
 389102
 388998
 388717
 387459
 387224
 443306
 443216
 443137
 443238
 390122
 443053
 425502
 410688
 404138
 395163
 395165
 388331
 442838
 442381
 442225
 442008
 442092
 441992
 442009
 442007
 416702
 414518
 393186
 388649
 388006
 383982
 441653
 441697
 441759
 441537
 441548
 441551
 441532
 441516
 441485
 441433
 441932
 441954
 369417
 358784
 353867
 353547
 441370
 441283
 441373
 441312
 441313
 441290
 441397
 384549
 441054
 441230
 380445
 440981
 441011
 440630
 440673
 440609
 440488
 440459
 440362
 440266
 440271
 440245
 379497
 379500
 378743
 378586
 377204
 375175
 375018
 375020
 374908
 440112
 440130
 440082
 439678
 439671
 439677
 439676
 440111
 440083
 440079
 439995
 440024
 439625
 439833
 439260
 374436
 374005
 372328
 372087
 368454
 368044
 367394
 366864
 366743
 366744
 365626
 364073
 363633
 361908
 360686
 359210
 357577
 356595
 355582
 429892
 430724
 430786
 431349
 432242
 436677
 436676
 437015
 438867
 438931
 438834
 438845
 438854
 438825
 437121
 438830
 437393
 437948
 437997
 438785
 438798
 438731
 438714
 438515
 438777
 438807
 438513
 438510
 438561
 438560
 432622
 432135
 438272
 438212
 438291
 438357
 405350
 354831
 355200
 352523
 355125
 354685
 353569
 353242
 352365
 351018
 350650
 438105
 438067
 437613
 437557
 437846
 437626
 437579
 438028
 349769
 349388
 348414
 346780
 437137
 437516
 437517
 437341
 437333
 437328
 437271
 437283
 437139
 437070
 437157
 437052
 341020
 340172
 339798
 339292
 338098
 338043
 337021
 336843
 335917
 335504
 335480
 335372
 335108
 334883
 332422
 436880
 436883
 436813
 436820
 436694
 436723
 436709
 436747
 334083
 334015
 332856
 330028
 327673
 327674
 327372
 326782
 325966
 325595
 325329
 325167
 323290
 323293
 436646
 436589
 436417
 321963
 321894
 321897
 321472
 409115
 408029
 406706
 375887
 375065
 373026
 410062
 411486
 413335
 415763
 416213
 419916
 419878
 420602
 420536
 424286
 435759
 425578
 428641
 429334
 431284
 433106
 434781
 436076
 436217
 406460
 405696
 405015
 405018
 404612
 404159
 400530
 399002
 397123
 396096
 395810
 395805
 393975
 393544
 393738
 389232
 389042
 387470
 386630
 385795
 383673
 382385
 381918
 380789
 379328
 378013
 377294
 376654
 371804
 370981
 370673
 369922
 369713
 368155
 364672
 361664
 360234
 355625
 352728
 351999
 350582
 350140
 348558
 347881
 347261
 345982
 345577
 343354
 340660
 337759
 337500
 335417
 335381
 333534
 333231
 328578
 325525
 323254
 316890
 314641
 312235
 310896
 311284
 310450
 310100
 391800
 393216
 394664
 405668
 407585
 419708
 427655
 433961
 435299
 370349
 369772
 386565
 385491
 373501
 371758
 359061
 435669
 435683
 435769
 355305
 353263
 351071
 347796
 344855
 342680
 339076
 337671
 318656
 435494
 315574
 314721
 311835
 311836
 432152
 432731
 432986
 435024
 435029
 434987
 434984
 434981
 434990
 313831
 312832
 312183
 434203
 433965
 434727
 434884
 435115
 433850
 434088
 433734
 432817
 435030
 433262
 381088
 432538
 336487
 335950
 331634
 330365
 329508
 329451
 328612
 323680
 321973
 321620
 317769
 317752
 314148
 310799
 310445
 378993
 373918
 370230
 369735
 369675
 367204
 360546
 355785
 354295
 344610
 343011
 341509
 338296
 337777
 330138
 329156
 324335
 323156
 316694
 312567
 428595
 427998
 427698
 423982
 421177
 419968
 419580
 413143
 411830
 432018
 401809
 390078
 389686
 383615
 383614
 381379
 381378
 379262
 365981
 365715
 362104
 359159
 354360
 349057
 349033
 334067
 333533
 330672
 328725
 319165
 430893
 429164
 428793
 420156
 419227
 414246
 414360
 409104
 402568
 398267
 397759
 395212
 389868
 389423
 378395
 376014
 374801
 374544
 371733
 371086
 360888
 351814
 431925
 431686
 349694
 346782
 344616
 342529
 342066
 341912
 337794
 334327
 331413
 330175
 328778
 324849
 323660
 323448
 322869
 321303
 425201
 423382
 419362
 416055
 415978
 412605
 411929
 410404
 402823
 431299
 431610
 343173
 402307
 397373
 394012
 393287
 382907
 377860
 374445
 370274
 367455
 365183
 361341
 360242
 354840
 352848
 352850
 350299
 339835
 335374
 331258
 330274
 326792
 321017
 320933
 319388
 314447
 313953
 431137
 430882
 428414
 427528
 423658
 413274
 411683
 411641
 409244
 409054
 404354
 401760
 401666
 401474
 400554
 398923
 396989
 396262
 395892
 395761
 395197
 391550
 390903
 390527
 389318
 388288
 378117
 377173
 376587
 376567
 376343
 429914
 430099
 429850
 376010
 375573
 375210
 374290
 374233
 372782
 372450
 372704
 371545
 370224
 368028
 364231
 362864
 362238
 362152
 359396
 359072
 356621
 353583
 352031
 429386
 346764
 419298
 418365
 416092
 415140
 407347
 404545
 403310
 428679
 427510
 425391
 419520
 414814
 406104
 404167
 403500
 401527
 400866
 400869
 399823
 396830
 383513
 389440
 387315
 386880
 386242
 385091
 385020
 384802
 384168
 382789
 382154
 378780
 425076
 424305
 413724
 408466
 399698
 390726
 390639
 386426
 378656
 423733
 403381
 382252
 380192
 378831
 376937
 425712
 399348
 379252
 378466
 413396
 412520
 406632
 387793
 381520
 412273
 408432
 415800
 391927
 383988
 377139
 378167
 342986
 340164
 339217
 339016
 338893
 376856
 376658
 376660
 324245
 324110
 322549
 320971
 316585
 316409
 316158
 371884
 358673
 350247
 333694
 332723
 316466
 315582
 314890
 375254
 368449
 367623
 363244
 363235
 357223
 356712
 356572
 351717
 351034
 350828
 349460
 376142
 349488
 348323
 348232
 341097
 338321
 337553
 334931
 334114
 329993
 326257
 312911
 353945
 351969
 342854
 325385
 322942
 358726
 347112
 372416
 372484
 370537
 339431
 314597
 340182
 339445
 327235
 326881
 322947
 311633
 360367
 351654
 351419
 336119
 335871
 318933
 318023
 341783
 335636
 317254
 316908
 314666
 314394
 318871
 318727
 318162
 317977
 317262
 314323
 313380
 311827
 311759
 313408
 316002
 316570
 315612
 314408
 314318
 314285
 314287
 313936
 313828
 313611
 313613
 313614
 313585
 313477
 312716
 312717
 311349
 313883
 190370
 311026
 189704
 189619
 189440
 188998
 188920
 309901
 309761
 309051
 309276
 308440
 308443
 308214
 308197
 188811
 188776
 188515
 188524
 188528
 188347
 187999
 305560
 304995
 304407
 303568
 303394
 307011
 306762
 306854
 306318
 305997
 305843
 303844
 306725
 304730
 303400
 306378
 303561
 303899
 303910
 303340
 306652
 303852
 304035
 303646
 187827
 187573
 187444
 303241
 302308
 300698
 302221
 301597
 302787
 302300
 301980
 301913
 301869
 301703
 302360
 302211
 301956
 301512
 301504
 301566
 301395
 301450
 295678
 186703
 186685
 186548
 186488
 186487
 186427
 186364
 186021
 301114
 300935
 299632
 298944
 236183
 185634
 185359
 185036
 185040
 300798
 184836
 184699
 300392
 300399
 300634
 184119
 184120
 184057
 183339
 183069
 182993
 183006
 183007
 182861
 182336
 181936
 181888
 181930
 181627
 181640
 181650
 181057
 180464
 179590
 179534
 179421
 179149
 179150
 178949
 178792
 299679
 299804
 299214
 299229
 298987
 204021
 240257
 191168
 238411
 298071
 292283
 289603
 282224
 278601
 178508
 178330
 178104
 177878
 298581
 298549
 298509
 298432
 298565
 176894
 176902
 176817
 176206
 298284
 298189
 296622
 295639
 295468
 295245
 298330
 297637
 297492
 296554
 298339
 298208
 298051
 298106
 297961
 297169
 297931
 297541
 297197
 297768
 297698
 297924
 297603
 297396
 297236
 297787
 296379
 295921
 296781
 296617
 296545
 295543
 296096
 295174
 296924
 296909
 295960
 295864
 295424
 295282
 296725
 176253
 176086
 176088
 175979
 175520
 175528
 175318
 175228
 294611
 175073
 175075
 174997
 174977
 174913
 174924
 174935
 174772
 174716
 174579
 174534
 174535
 174537
 174493
 174362
 174363
 174371
 294551
 294450
 294266
 294316
 294355
 294129
 293343
 292335
 292102
 291293
 293850
 292504
 292257
 292189
 292109
 291816
 291921
 293165
 293072
 292959
 290462
 291903
 293344
 289028
 289744
 291559
 290042
 291454
 292344
 290916
 290919
 290887
 291057
 291058
 291027
 291028
 290989
 290909
 290910
 290912
 290835
 291046
 290033
 290642
 174329
 174301
 174011
 173977
 173978
 173897
 173748
 173771
 173665
 173604
 173621
 173570
 172967
 172896
 172775
 289799
 172626
 172585
 172507
 172345
 172355
 172377
 172280
 172285
 172228
 172188
 172230
 172221
 172059
 171952
 171922
 289524
 171908
 171902
 171819
 171607
 171481
 171302
 171298
 171207
 171108
 170921
 170935
 170831
 170648
 170492
 170520
 170398
 169878
 169686
 169530
 169475
 289232
 169383
 169219
 169101
 169122
 169057
 168972
 288896
 288713
 288474
 288090
 288401
 288537
 288021
 287906
 287999
 168878
 168716
 168604
 168204
 287664
 287806
 287785
 287672
 287668
 286570
 286573
 286963
 286806
 286577
 286655
 286447
 286467
 286443
 286341
 167931
 286167
 285631
 167422
 167253
 167141
 167060
 166912
 166708
 285053
 285237
 285006
 285183
 166340
 166341
 166247
 165788
 165581
 163926
 163377
 163239
 163167
 162453
 162157
 162066
 162078
 161938
 161790
 161498
 161311
 161236
 160988
 160915
 160207
 160150
 160007
 159942
 159839
 159792
 159126
 159039
 158739
 158681
 158328
 158117
 158026
 157728
 156953
 156623
 156562
 156288
 156196
 156205
 156209
 155947
 155879
 155550
 284181
 284123
 284142
 284145
 284148
 284403
 284125
 155185
 154856
 154583
 283857
 153708
 152856
 152682
 283756
 283327
 283476
 283242
 283196
 283066
 283241
 283633
 283421
 283244
 151511
 150659
 150292
 150039
 150045
 148908
 148476
 146773
 282912
 146721
 145922
 145931
 145538
 145450
 144877
 144435
 144352
 144356
 144259
 144241
 141577
 282581
 282575
 282540
 282648
 282514
 143803
 143560
 143396
 143104
 143122
 142808
 142214
 141497
 141425
 141313
 141221
 141135
 141071
 140811
 140733
 140645
 140378
 140383
 140391
 140150
 140091
 140093
 139905
 139907
 139818
 139820
 139734
 139138
 138909
 138890
 138218
 136888
 136473
 136459
 136196
 136137
 135757
 135773
 135599
 135640
 135340
 134223
 133936
 133915
 133882
 133422
 133435
 133288
 133300
 133139
 132997
 132799
 132738
 132660
 132296
 281984
 281883
 281864
 281181
 131909
 131790
 131793
 131449
 130924
 130948
 130740
 130745
 130644
 130421
 130217
 130233
 130246
 130057
 129748
 129505
 129485
 129445
 129301
 129171
 129138
 129111
 128920
 128808
 128756
 128624
 128441
 128442
 128406
 128420
 127868
 280165
 127134
 127014
 126622
 126504
 125050
 124929
 124834
 124591
 280131
 123917
 123768
 123465
 123336
 123350
 123254
 123207
 123240
 122809
 122637
 122656
 122554
 122481
 122333
 122242
 122245
 122250
 122164
 122072
 122101
 122114
 122028
 122039
 122055
 122014
 121901
 121760
 121643
 121646
 121541
 121504
 121454
 121455
 120527
 120365
 120186
 120185
 120196
 120140
 120095
 119886
 279823
 279741
 279571
 119511
 119334
 118655
 118658
 118165
 117695
 117476
 117352
 117276
 117281
 116982
 116990
 116712
 116755
 116614
 279451
 279245
 278908
 279307
 278731
 278311
 278691
 278239
 278248
 279275
 278920
 278907
 278741
 278328
 279169
 278851
 278491
 116530
 116405
 116237
 116167
 278066
 278051
 278032
 277848
 278068
 278074
 277872
 277861
 278114
 116135
 115977
 115684
 115535
 115505
 115361
 115363
 115125
 114911
 114917
 114776
 114365
 114247
 114269
 114200
 114192
 114199
 114070
 113972
 113804
 113810
 113580
 113468
 113477
 113284
 113223
 113248
 112860
 112923
 112840
 112846
 112806
 112504
 112502
 112329
 112335
 112266
 112017
 111733
 111565
 111263
 111082
 110904
 110781
 110788
 110714
 110429
 110313
 110320
 110231
 110241
 110030
 109691
 109551
 109497
 109387
 109392
 109270
 109236
 109101
 109004
 277138
 277160
 277409
 108989
 108830
 108746
 108748
 108568
 107778
 107181
 276233
 275282
 275270
 276963
 276870
 107095
 106723
 106751
 106293
 106224
 105933
 105844
 276638
 276381
 276636
 276480
 105304
 105192
 105145
 105149
 105102
 104534
 104542
 104549
 104177
 104031
 104001
 103862
 103691
 102979
 102869
 102690
 102356
 102299
 102311
 102318
 102267
 102194
 102197
 101847
 101696
 101626
 101530
 101460
 101468
 101394
 101154
 100895
 100827
 100830
 100392
 100277
 100018
  99985
  99660
  99362
  99229
  99231
  99106
  98961
  98981
  98394
  98157
  97730
  97380
  96710
  96725
  96053
  95022
  95035
  94794
  94707
  94612
  94619
  94624
  94479
  94419
  94320
  94150
  94011
  94012
  93900
  93827
  93831
  93620
  93463
  93520
  93538
  93391
  92477
  91953
  91873
  91582
  91485
  91268
  91269
  91185
  91197
  91199
  91179
  91140
  91141
  91073
  90945
  90899
  90802
 274791
 274735
 274861
 274742
 274702
  90555
  90574
 270542
 241828
  90059
  90079
  90011
  89874
  89875
  89876
  89880
  89704
  89384
  89399
  89319
 274114
  88592
  88445
  88023
  87971
 274108
  86770
  86306
  86321
  86028
  85470
 273945
 273613
 273977
 273668
 273881
 273869
 274034
  85257
  84838
  84500
  83584
  83571
  83521
  83192
  83005
  82652
  82395
  82436
  82448
  81597
  81557
  81568
  81283
  81166
  81173
  81064
  81004
  80991
  80996
  80312
  80317
  80190
  80042
  80052
 273402
 273251
 273329
 273448
  79179
  79182
  79185
  79222
  78945
  77396
  77414
  77208
  77229
  77240
  76215
  76243
  74704
  74706
  74720
  75003
  74742
  74745
  74772
  74786
  74566
  74564
  74544
  73890
  73431
  72562
  72747
  72582
  72599
  71594
  70729
  70556
  70569
  70575
  70399
  69159
  68987
  69012
  69013
  69015
  69021
  68373
  67750
  67754
  67760
  67767
  67795
  67799
  67494
  67275
  67280
  67283
  66901
  66921
  66842
  65389
  65390
  65399
  65435
  65439
  65446
  65178
  64352
 272874
  63901
  63942
  63310
  63308
  63185
  63218
  63235
  62714
  62697
  62124
  62131
  62140
  62147
  61520
  61503
  61251
  61173
  60918
  60104
  60113
  60121
  59924
  59925
  59938
  59939
 272135
 271577
 271416
 271097
 271807
 271280
 271609
 271638
 272153
 271080
 271670
 272119
 272118
 271831
 271631
 270953
 270620
 270178
 269969
 269928
 269240
 269214
 269105
 268726
 268666
 268667
 268646
 268644
 268187
 268126
 267830
 267779
 272058
 272101
 270694
 270772
 270690
 270623
 270458
 269245
 268576
 270325
 270036
 268439
 268861
 268603
 267981
 268008
 268846
 268092
 267845
 268600
 268689
 267630
 270397
  59959
  59973
  59772
  59265
  58407
  58247
  58271
  57268
  57040
  56964
  56592
 267197
  56568
  56586
  56293
  56307
  55796
  55628
  55644
  55647
  55402
  54153
  54155
  54156
  53812
  53730
  53734
  53519
  53499
  53421
  53439
  53204
  53094
  52521
  52523
  52558
  50959
  50859
  50830
  50687
  50692
  50385
  50359
  50271
  50279
  50280
  50289
  50296
  50306
  50322
 266507
 266441
 266292
 263544
 264996
 264728
 263164
 263025
 266210
 264769
 263417
 263754
 264449
 264693
 265538
 263037
 265509
 263410
 264092
 263583
 264946
 263919
 265017
  49440
  49460
  49461
  49471
  48638
  47562
  46996
  47010
  47009
  47012
  47013
  47048
  46814
  46636
  46489
  45565
  45340
 262911
 249228
 249227
 220985
 219102
 218535
 196500
 262867
 262876
 262645
 259290
 258590
 257179
 257046
 256606
 255379
 254526
 252675
 252049
 251674
 250547
 249160
 262035
 250964
 254677
 256705
 253809
 250910
 259550
 247511
 262011
 257066
 254773
 251680
 248479
 258457
 255032
 258113
 259909
 259521
 258551
 254282
 249083
 248956
 248916
 248917
 248839
 255435
 250929
 250789
 262085
 262300
 260462
 259266
 258849
 260972
 260559
 259731
 248521
 248305
 249100
 253043
 252105
 248952
 254957
 247590
 249527
 246336
  44437
  43982
  43984
  43996
  43468
  42988
  42877
  42708
 246295
 246286
  42683
  42651
 244844
 244520
 245757
 245282
 244868
 244603
 244253
 244181
 246042
 244849
 245657
 244444
 244368
 244158
 243912
 243943
 244209
 243289
 243951
 244294
 244257
 243050
 243453
 243435
 243467
 243288
 243105
 243045
 243536
 239354
 238998
 236437
 233851
 241665
 240111
 235211
 233294
 233295
 242126
 241415
 238662
 236191
 235266
 242371
 241947
 241309
 237674
 231497
 241137
 238332
 234934
 233689
 233691
 231415
 236244
 233184
 241603
 240865
 240811
 238318
 236419
 234764
 233316
 233094
 235783
 231914
 242676
 242098
 231872
 239984
 238551
 241468
 240922
 238469
 238451
 238815
 235759
 231203
 230882
  42361
  41966
  41736
 230081
 230367
 220137
 220017
 220018
 229665
 228711
 228651
 228938
 226119
 224904
 228551
 222824
 227811
 227603
 227039
 225297
 224296
 222531
 227595
 217999
 223488
 222348
 222315
 220061
 219995
 218358
 217766
 216515
 216326
 216270
 216170
 227735
 227497
 227329
 227071
 226970
 226607
 223617
 221805
 219941
 218332
 216803
 223837
 227941
 224814
 221868
 219498
 218582
 217700
 217150
 224483
 221290
 218643
 226593
 227145
 227150
 225887
 225750
 225479
 223732
 223507
 223243
 222478
 221147
 220299
 219751
 219123
 218341
 216460
 213731
 211144
 211149
 208862
 208854
 208783
 207288
 204023
 200181
 197503
 192740
 192120
 189579
 187229
 182259
 177676
 177122
 174633
 172439
 168050
 167846
 167797
 167331
 167269
 165804
 165807
 165323
 163932
 162822
 162144
 161797
 161799
 161588
 152333
 160222
 159132
 156175
 155673
 155265
 155111
 154658
 152994
 152769
 151607
 151381
 150340
 149540
 148962
 148377
 147006
 145441
 144860
 143371
 143269
 142014
 226547
 225243
 218360
 227088
 226615
 225972
 225681
 224482
 223671
 223585
 223140
 222903
 222680
 222668
 222330
 221336
 220365
 219745
 218486
 217897
 225809
 225531
 223957
 140278
 139202
 138289
 137778
 137667
 136842
 136117
 135556
 134664
 134254
 134105
 133859
 130859
 128851
 127155
 126335
 124856
 123257
 123265
 121495
 120582
 120603
 118111
 119614
 119351
 117371
 115335
 113663
 113509
 112791
 222198
 111792
 111794
 111639
 111559
 110970
 110828
 109647
 108478
 106458
 106457
 105979
 105893
 105051
 104253
 103737
 103586
 103185
 103187
 102961
 102643
 102488
 102165
 101508
 100434
  97860
  94931
  94690
  94441
  94157
  93915
  93560
  93447
  90421
  89964
  89965
  87023
  80264
  78841
  78861
  75997
  73380
  61638
  57534
  57549
  57198
  57166
  54676
 219868
  51682
  48557
  48548
  48232
  47966
  47967
  47938
  47671
  36181
  27242
 218030
 199744
 210752
 215452
 215269
 215378
 211801
 213987
 208617
 212462
 212199
 209788
 209644
 206330
 209493
 208779
 206952
 212727
 204596
 213125
 211994
 211468
 207719
 206094
 204560
 214614
 212150
 212474
 211913
 211660
 207246
 206787
 206400
 205852
 210403
 206227
  41089
  40697
  40710
  40547
 204328
 204285
  39542
  39124
  39066
  38667
  38595
  38173
  38028
  37198
  36905
  36889
  36865
  36838
  36735
  36758
  36120
  35661
 203940
 204003
 203921
 203669
  34893
  34801
  34451
 172540
  34100
  33584
  33538
  33345
  33354
  33359
  33133
  32577
  32289
  32291
  32234
  32220
  32070
  31888
  31702
 203354
 203219
 201835
 201596
 202617
 201199
 202750
 202520
 201630
 201431
 202547
 202773
 201204
 201206
 202621
 201853
 201854
 201852
 201308
 202239
  31193
  30211
  30121
 200250
 200149
 200455
 200210
 200175
 200954
 200821
 200946
 201013
 200249
 200408
 200065
 197125
 197646
 199769
 199734
 198602
 198601
 198571
 197750
 199483
 196707
 199863
 198385
 197278
 196928
 197981
 197464
 197998
 197587
 197917
 197674
 197282
 197102
 196846
 197760
 197720
 199116
 198955
 199048
 197955
 197518
 197196
 196716
 197651
  30074
 195306
 195697
 195228
 195421
 195385
 195268
 195014
 194993
 194894
 194795
 194712
 194717
 194538
 194316
 195330
 194740
 194361
  28890
  28202
 193843
 193772
 193603
 193825
 194119
  25370
  24329
  23092
  23074
  22542
  21653
  21539
  21279
  21209
  21139
  21112
  20958
  20959
  20755
  20424
  19811
  19379
  18274
  17514
  17347
  17310
  16863
 192906
 192884
 192714
  32534
  32398
  31760
  30528
  30041
  28734
 187968
 187727
 192213
 192656
 185971
 187982
 187260
 186649
 186156
 189996
 191731
 192010
 186968
 191619
 191236
 191118
 191277
 191079
 191444
 191449
 191455
 191472
 191473
 191487
 191490
 191511
 191534
 191539
 191541
 188379
 185416
 190897
 190942
 190300
 186671
 190050
 189395
 188641
 186008
 185848
 187134
 186390
 188867
 188336
 188609
 187832
 187246
 187162
 189903
 187841
 189624
 188380
 187450
 187178
 188913
 188850
 189255
 189194
 187530
 186759
 186000
 184929
 185916
 184984
 186344
 185763
 185751
 185397
 185290
 185083
 185202
 185203
 185241
 184600
 184603
 184184
 184499
 184562
 184563
 184579
 184482
 184172
 184434
 184550
 184438
 184103
  46464
 161419
 134848
 115129
 110314
  67778
  64794
  48666
  17506
 183967
 183971
 180030
 117268
 113460
  40917
 181152
 172518
 109983
 108682
  93026
  90377
  84332
  83526
  81381
  34015
  26213
  25771
  23374
  22798
  21172
  20722
 158878
 143930
  53225
 160221
 131904
 129598
 183484
 183486
 183501
 183379
 182466
 182905
 183316
 183074
 182728
 182641
 182463
 139591
 113680
 102826
  96498
  93972
  86602
 181861
 181635
  29258
 181090
  77862
  69984
  61610
 180748
 180671
 180575
 180497
 180506
 180502
 180621
 180525
 180834
 178634
 177077
 174123
 172339
 168586
 164462
 162053
 161568
 160955
 159070
 158602
 180058
  76030
 179802
 123502
 105737
  95928
  74510
  73393
  56733
  54712
 179972
 179919
 179724
 179515
  39032
  33191
  29557
  29561
  29558
  29568
 179000
 179210
 179225
 179051
 179037
 178946
 178027
 160067
 156680
 155522
 155683
 155520
 143089
 143592
 141334
 131784
 130072
 129879
 119919
 113667
 112854
 110142
 110740
 101757
  97137
  94297
  94178
  93228
  81934
  81631
  81533
  75538
  74174
  73043
  73038
  73046
  65922
  65910
  65913
  60395
  58661
  65924
  65921
  61475
  60399
  56133
  56123
  53032
  53041
  49958
  49961
  46860
  49957
  44491
  44415
  33105
  32977
  29096
  20798
  29103
  29105
  28088
  29097
  17356
 178473
 178629
 174827
 169191
 166355
 165214
 164672
 164537
 164256
 173827
 171265
 178213
 178254
 176389
 175218
 176510
 177133
 176984
 176205
 175423
 174785
 177600
 177601
 177398
 177196
 175336
 177251
 176986
 175611
 175532
 175479
 178079
 177672
 176929
 158826
 174341
 170322
 173021
 171766
 168268
 167826
 171877
 171934
 169891
 168768
 168373
 167896
 173639
 168767
 171544
 170503
 170996
 171674
 171404
 170833
 168646
 168065
 163331
 173854
 171798
 170986
 171042
 170783
 170778
 170731
 170675
 170325
 172160
 170827
 168707
  27342
  26936
  26811
  26834
  26140
  25694
  24803
  24805
  24160
  23547
  23548
  23549
  22682
  22687
  22688
  22701
  22407
  21974
  20884
  20888
  19183
  18643
  18645
  18653
  16951
 167244
 165867
 165013
 163196
 162884
 161520
 161541
 160841
 167415
 165912
 167638
 166023
 164465
 164267
 163950
 163210
 161859
 161411
 161123
 163684
 162463
 160880
 164950
 163489
 166928
 165283
 164022
 162579
 165584
 165741
 161009
 163063
 165504
 161968
 161429
 160900
 152862
 145670
 145337
 130211
 129982
 129328
 129053
 118639
 114928
 112503
 111929
 109655
 109102
 108501
 107988
 107634
 107297
 118174
 103421
 101825
 101616
 101285
 101155
  99890
  99695
  98236
  98233
  98280
  94814
  92609
  92383
  92050
  89814
  89721
  89515
  89406
  88752
  85232
  81892
  81446
  80403
  79844
  78558
 160524
 160484
 154095
 137614
  89811
  89013
  51746
  51755
  51759
  43532
 159253
 159719
 159725
 158472
 158493
 158404
 158958
 158420
 158603
  86015
  83345
  83343
  82778
  82787
  77273
  69699
 120608
 120242
 111854
 108734
 108419
  96626
  95342
  94676
  91967
  87800
  85308
  83467
  79013
  79017
  79018
  77850
  74634
  73795
  72454
  70430
  55487
  55494
  55496
  53252
  52406
  49290
  46457
  43680
  43286
  32385
  21266
 129702
 102562
 102563
 100358
  95729
  95090
  69882
  64062
  37230
  35116
  24740
  24582
  23457
  23399
  20731
  20648
  20602
  20603
  20569
  20573
  19846
 110384
 150841
 140741
 138032
 135883
 134880
 122734
 119722
 118358
 118211
 116351
 115643
 115467
 107673
 107283
 101571
 101223
  99405
  99157
  97500
  96937
 157511
 157893
  86646
  82216
  78917
 157528
  76037
  74533
  71568
  66506
  63711
  63711
  60869
  51769
  48634
  48633
 157084
 156822
 156893
  43903
  41919
  34975
  31643
  26500
  26382
  20763
 156095
 155822
 155707
  64707
  61872
  50929
 144235
 140414
 137144
 133675
  96595
  71094
 138599
  70409
 150224
  94067
  57650
  51816
  51821
  48671
  47827
  29640
  27651
  24511
 153590
 154832
 155678
 155139
  21929
  21272
  19801
  17168
 155025
 154997
 152110
 150393
 149848
 142422
 140647
 140400
 139938
 132648
 109442
 101704
  91261
  81889
  79014
  77068
  73791
  73793
  73156
  73491
  64743
  62066
  34190
  32635
  29193
  29036
  20571
  20309
  20570
  19664
 153730
 153213
 153008
 154057
 154206
 154151
  36555
  34580
  31529
  31009
  30649
  30607
  25093
  24975
  24708
  21607
 153375
 139515
 138145
  99176
  94228
  94202
 152421
 150075
 149696
 133682
 132896
 132835
 127080
 126949
 127038
 127031
 152731
 151288
 151179
 137402
 136012
 130563
 114783
 109467
  57809
 151933
 152271
  79000
  71635
  51863
  39711
  33380
  31982
  25939
 150289
 127689
 121795
 102756
  95807
  74812
  70392
 150602
  93009
  75509
  19552
  35811
  19439
  19465
  18471
  18429
 135653
  93230
 149775
  54721
  51734
  51741
  48594
  44055
  35277
  32714
  29577
  29579
  93802
  93134
  92899
  87520
  83616
  83050
  64680
  64692
  64695
  59444
  59451
  54978
  48884
  44580
  41057
  34262
 148929
 148332
 134716
 128770
 128658
  99304
 103848
  98599
  96485
 106285
  77377
  70854
  34655
  33848
  83674
  67077
  66201
  62840
  62522
  56626
  56473
  51402
 135141
 134349
  66233
  68249
  60632
  58922
  57196
  54431
 133204
  92276
 146945
  64982
  55229
 140885
 140888
 135808
 132590
 129623
 140037
 138214
 137395
 136592
 135187
 126703
 121632
 102433
  99855
 145945
 142601
 135139
 133246
  64149
  62843
  45976
  44628
  94536
  94175
  88688
  69365
  69366
  65989
  54174
  48085
  40875
  52384
  49278
  99534
 142431
 135875
 141905
 138122
 136010
 136738
 123244
  43019
  42506
 133951
  94742
  85508
  44876
  44877
  44860
  84279
  95305
  63299
  25006
  24486
  24485
  24065
  23529
  23527
  23156
  23117
  22205
  22084
  22083
  21937
  19556
  19241
  18582
  30959
  30222
  29166
  28606
  67706
  60817
  59829
  58157
  54373
  53091
  51926
  51929
  47399
  46460
  45701
  46808
  45428
  44447
  43881
  39296
  39020
  37932
  34940
  32807
  32667
  32567
  29592
  27210
  26262
  25428
  25539
  25286
  25193
  25024
  24500
  24399
  23487
  22636
  20690
  19521
 122195
 122962
 126461
 123619
 107139
 107452
 107656
 127288
 127286
 127285
 107391
 127101
 124620
 126464
 126422
 112045
 112034
 114222
 114745
 116645
 117853
 117861
 121050
 121048
 122056
 122413
 122414
 122590
 125930
 125428
 125715
 125376
 125653
 125768
 125737
 125834
 125782
 125319
 125314
 125219
 125195
 125272
 125104
 125131
 125154
 125164
 107725
 108015
 108174
 108199
 124158
 124442
 124436
 124406
 124386
 124413
 124455
 108339
 110259
 120114
 120451
 121170
 121471
 121882
 122693
 123118
 122595
 122788
 122771
 122713
 122936
 122913
 122907
 121329
 121294
 121283
 121316
 121315
 120934
 121019
 120982
 121013
 121040
 120673
 120877
 112781
 114281
 115404
 117350
 118671
 118796
 118867
 119023
 119019
 118970
 119110
 116902
 117210
 104312
 104483
 104413
 104382
 104391
 104359
 104353
 104347
  72276
  77062
  76838
  78128
  82565
  81694
  81840
  81876
  78074
  80758
  45515
  51880
  69951
  74900
  16651
  16649
  16309
  16090
  15901
  72884
  28283
  15579
  15553
  15545
  15508
  15414
  15580
  15007
  14526
  14280
  14269
  19342
  13777
  13423
  13365
  13360
  13301
  13206
  12806
  12126
  12139
  12104
  11810
  11796
  11739
  11729
  11711
  11572
  35687
  35727
  35163
  27024
  25433
  22816
  22646
  21699
  24277
  23866
  23966
  23964
  23647
  21701
  21446
  21308
  20046
  19501
  19510
  20760
  20475
  19670
  19879
  19665
  19577
  19531
  18396
  18346
  17788
  17525
  17527
  17410
  16638
  15540
  18061
  19053
  15967
  14839
  13179
  13096
  12352
  12168
  11913
  11770
  11593
  11422
  17646
  17645
  18223
  17940
  17330
  16597
  16706
  16433
  15710
  15716
  14447
  14684
  14791
  14982
  14991
  11944
  12027
  12465
  13024
  14120
  13539
  13611
  13707
  13989
  14017
  13917
  13755
  13819
  13362
  13377
  12741
  12782
  12557
  12827
  11850
  12023
  12088
  12555
  11877
  11925
  11149
  11200
  11270
   5967
   6634
  11065
   7046
   7187
   7232
   7265
   7268
   7300
   8083
   8081
   8252
   8697
   8691
  10527
  10497
  10687
  10733
  10900
  10414
  10148
   8680
   8548
   8636
   8878
   9552
   9542
   9700
  10281
   9804
  10057
  10217
  10250
  10268
  10295
  10293
  10344
  10216
  10204
   3597
   4521
   9975
   5874
  10023
  10029
   9973
   4735
   6301
   8488
   9523
   2777
   6495
   6323
   6445
   6907
   7805
   7729
   7465
   7305
   7859
   8457
   9208
   8454
   6181
   9307
   9353
   8421
   8474
   8733
   8530
   8462
   8502
   8823
   9042
   8930
   9064
   8584
   8794
   7829
   8112
   8373
   7854
   7455
   7450
   7605
   7737
   7925
   8133
   7549
   4601
    640
    528
    515
   4595
   2727
   4696
   3157
   3339
   4679
   5005
   4915
   4687
   7503
   6005
   7485
   7484
   7438
   7472
   6305
   6768
   5489
   6793
   6808
   6940
   6810
   7013
   7304
   6903
   6939
   6959
   7082
   7099
   7188
   7276
   6991
   7323
   6474
   6935
   6879
   6614
   1509
   1468
    799
   3261
   5430
   4504
   5346
   6112
   6024
   6022
   6011
   6076
   2499
   2566
   2562
   3634
   3362
   3363
   3063
   4839
   4918
   4786
   4893
   4907
   4852
   3633
   3163
   3197
   3221
   3297
   3286
   3386
   3340
   3427
   3484
   3501
   3498
   3491
   4569
   4717
   4724
   4568
   3723
   3801
   3822
   3836
   3840
   3832
   3833
   4083
   4040
   3941
   4012
   4044
   4064
   4063
   4062
   4088
   4087
   4086
   4135
   4134
   4141
   4145
   4179
   4201
   4166
   4175
   4531
   4210
   4209
   4262
   4242
   4261
   4240
   4259
   4273
   4461
   4722
   4718
   4579
   4680
   4459
   4683
   4608
   3540
   3537
   3062
   2852
   3138
   2722
   2716
    503
   2994
   2257
   2647
    517
    504
    638
   1340
   1177
   1175
   1172
   1501
   1146
   1465
    975
   1489
    645
    644
    643
    634
    631
    630
    529
    525
    524
    523
    516
    514
    512
    511
    513
    288
    510
    286
    585
    579
    589
    508
    280
    620
    621
    616
    505
    506
    656
   1700
   1694
   1695
   1689
   1676
   1686
   1647
   1644
   1638
    707
    674
    855
    858
    853
   1628
    833
